-252 232
513 465
-611 -55
285 223
870 -291
404 318
-528 31
-391 598
111 -805
89 -720
-783 -444
253 -866
699 -46
-196 -444
-898 807
-387 -920
-647 973
-309 738
360 -963
929 -529
826 -402
-236 -392
-143 921
592 -758
131 885
507 -750
-195 211
485 71
662 376
129 563
945 162
717 303
413 617
221 251
999 -492
295 -857
-625 -523
-953 640
376 594
754 266
360 977
647 -298
-545 191
-927 -191
421 -291
490 -982
-84 935
362 221
261 754
893 672
478 610
258 -183
601 805
271 746
423 304
498 -6
-189 548
531 -63
572 379
-59 576
362 -91
11 -229
-750 -86
327 388
180 363
-195 -171
-398 -358
-761 -774
235 722
130 632
-923 101
-491 750
536 720
705 87
7 77
-700 -248
-198 -364
680 812
295 734
-712 842
976 249
691 959
197 -303
-775 -146
-54 -783
-382 705
-605 469
-242 -678
-517 -549
-921 -854
628 -186
467 -227
457 591
917 -639
16 232
-845 -15
-133 -82
-526 898
-867 -693
525 -759
-662 -460
-411 918
-825 918
-206 -686
112 -696
-408 32
312 173
5 -941
-517 232
-970 636
800 540
-871 -866
-774 127
45 465
798 635
-650 -946
-754 289
-787 445
-268 -678
36 697
-758 -773
-857 205
-170 -780
318 862
-796 -219
735 -652
379 29
-672 21
-303 577
506 -800
682 278
-407 515
764 715
-928 -550
302 -603
-759 -987
-578 24
842 -316
-62 -289
-525 305
-777 489
-492 -262
869 0
732 -454
916 679
-660 404
951 847
842 -597
22 886
929 912
121 829
85 -104
880 420
436 393
-175 340
888 530
-183 840
-183 -348
643 697
-736 305
-202 421
983 -640
-1000 571
475 249
465 966
-941 -845
122 -732
-85 184
180 577
953 -751
405 613
560 -973
-754 -570
483 -26
-456 699
913 846
-164 543
862 216
817 382
243 227
-992 -433
-436 424
-396 526
623 471
-258 -843
413 -129
-428 -218
-608 954
921 -168
-956 -973
-8 363
-782 165
-982 -967
-169 273
871 -740
-860 -725
-791 -298
303 34
-180 529
-426 954
785 419
563 -552
-542 -707
-965 -999
976 912
-111 239
-904 -899
744 281
292 8
421 -706
93 472
307 406
558 -82
799 -651
-300 -433
-940 837
-398 31
337 -833
-223 -20
-954 117
-555 660
-722 -177
-662 116
326 944
61 -273
-212 -364
-793 -633
-125 -344
788 -614
658 38
626 -388
572 204
661 -483
330 -552
-345 199
-524 -862
-499 871
960 -410
-188 -299
-527 -180
-70 401
592 -730
-310 -292
296 677
655 304
539 265
-199 -659
-862 -781
110 -350
-462 -200
-473 244
986 100
891 413
-743 -200
-86 -620
796 -829
-577 -380
453 -600
185 620
103 -783
83 -125
-946 48
-626 102
476 494
800 592
-67 -990
822 501
284 -833
-107 -886
-306 906
-546 -668
636 247
896 -677
399 -321
-856 -277
260 -224
787 -264
-721 -383
-60 651
-629 -384
80 637
-353 539
-633 142
-675 759
61 802
628 -96
774 -982
-43 -67
-351 747
834 -225
571 -532
-350 22
148 609
-686 -480
15 127
-42 15
-78 44
-820 -922
-130 500
897 832
-856 986
525 540
-26 -455
618 -535
-459 566
-446 426
-9 485
694 -729
-918 -668
331 896
-461 -441
734 222
-182 -287
-376 -153
-1 -213
-515 -403
-502 -203
607 -939
384 182
383 -481
145 658
-717 614
335 7
-733 -922
-599 419
-626 -11
-763 198
-166 -416
-804 -336
24 -253
-338 743
-411 804
663 278
668 396
-614 853
713 -285
-711 -239
553 -489
535 -87
286 -343
-588 -476
15 -476
-936 -318
-485 -438
-117 -835
-418 -35
-464 331
-916 -729
738 -765
138 -217
-409 538
124 -87
-31 -999
809 -512
-909 765
-758 -766
881 842
-254 -160
160 780
776 -879
-836 92
-641 -502
664 956
-554 -884
-672 831
-853 105
-981 -232
-965 -780
285 829
-907 725
-952 887
-132 -58
354 -407
59 910
-351 571
-925 -313
291 -894
927 -819
-213 -867
553 581
-475 -769
485 679
923 -252
-405 314
112 657
834 651
-407 861
344 -183
316 -490
-386 -959
480 -47
-768 -831
996 -350
-542 -70
92 36
806 727
869 -139
-917 -364
-438 33
991 413
-273 858
692 -443
123 -255
929 -192
-942 -605
559 -595
-832 -525
-316 595
402 -528
365 -506
863 83
83 -442
292 311
864 -11
556 4
684 -189
-946 730
96 -120
704 -681
-805 -51
506 -362
-638 439
-715 -140
-686 737
291 672
834 -236
-376 110
-348 6
741 -857
538 -3
-219 -271
-635 110
-303 967
-120 359
990 165
683 -748
742 18
316 -414
-204 601
-945 -162
649 -250
-490 601
-949 -118
76 523
141 347
-900 -80
-918 508
-881 723
-69 324
-479 -730
360 -3
-843 59
-85 -517
-801 -142
784 -506
-161 -784
-552 -538
366 -840
29 -5
-128 361
-672 758
281 259
750 680
29 22
961 -635
-304 426
403 -509
524 101
141 37
560 -964
-211 -705
-107 778
246 -843
124 -858
305 900
611 -893
-734 -531
951 601
-459 -886
100 -900
23 302
839 -346
609 -227
-828 -618
-529 -940
-141 -316
-817 615
-666 527
5 -138
-123 -811
812 139
-870 -865
-650 802
-135 791
388 -859
-969 -762
625 -205
-244 -658
72 -611
-142 417
-585 461
173 -195
-661 -413
-827 -236
747 -515
846 508
528 -15
425 79
641 219
-573 -944
126 -418
491 235
931 777
-495 167
-84 247
-230 -708
-553 130
464 779
-348 822
-634 622
473 -978
-263 -20
-45 605
-941 233
-169 -342
745 -488
-729 569
-349 -274
-480 658
524 885
-273 337
31 777
-924 233
-175 -638
767 789
350 463
-74 861
252 -437
888 433
204 -513
28 645
991 -76
979 -487
-76 -61
-355 916
-625 -805
967 -836
438 -435
81 -315
229 840
-274 132
673 156
853 -962
-630 717
692 -862
249 -570
740 -817
-999 -457
535 -349
258 -771
270 -366
848 189
-217 223
-606 -84
-524 522
782 830
551 -186
466 265
-487 70
-234 -75
-662 -317
-963 -174
-862 172
107 502
-570 -341
224 690
551 496
-895 -593
-252 -420
856 -342
175 812
-686 -806
333 -608
-42 -294
-649 311
-26 551
830 969
-434 471
-869 -847
-71 -364
-380 84
130 -348
507 386
-536 -170
816 200
699 827
503 -896
867 463
404 -186
641 83
-749 -217
892 968
-252 760
-819 489
755 -672
-489 805
22 -909
925 968
-385 -228
-296 886
929 -185
-16 83
-352 712
-697 34
785 571
549 -569
609 761
-194 187
289 355
368 668
206 -81
825 -946
-705 -516
-395 -573
-185 307
356 -126
411 860
346 -122
302 -694
-671 -538
775 452
185 -708
692 705
-641 821
904 -561
443 516
191 384
-253 323
-541 -718
-419 887
327 730
-302 334
-640 444
-770 808
-44 -727
-476 927
922 -651
319 -347
705 -157
483 616
605 -976
593 5
684 -263
569 -522
278 42
-38 -631
-173 -12
85 15
918 970
-400 492
-617 681
150 -126
95 -223
91 997
604 -316
-291 -805
-892 -727
-633 274
823 -35
-609 -691
-835 856
159 -195
-50 -985
273 24
-960 668
307 568
-229 -626
409 -366
985 45
-782 97
-791 998
787 416
-654 -929
208 673
37 -399
473 652
-613 911
-607 982
-771 -745
617 509
611 -989
11 334
932 -580
275 -124
348 429
-88 -498
123 -673
-968 -981
-886 -826
-207 868
313 455
-420 662
516 -268
-941 -326
-364 310
259 243
785 -58
573 -316
629 936
935 443
284 -188
-624 -994
600 -398
688 -528
-559 -63
765 -352
633 -667
42 -481
-723 331
-118 732
391 697
-814 -99
80 -857
-595 -132
-316 -796
-199 -740
366 167
14 342
-254 643
-273 -668
793 613
569 -135
791 429
-296 -964
760 -185
-551 -113
617 549
-310 -400
212 763
126 -101
-269 -10
268 -839
-267 905
455 -262
-450 -522
-919 -245
-344 534
328 51
904 597
-358 48
-421 541
-171 -183
544 941
-353 -337
863 677
-412 661
758 -559
22 -519
405 720
399 990
895 -224
2 -313
-111 87
-769 -286
543 -352
357 655
-278 256
-895 92
30 357
-923 -242
-553 122
-444 -626
-237 -983
218 -722
562 350
873 166
523 -381
-370 751
-135 285
257 602
-446 226
-501 -162
359 438
-542 -675
-713 -703
-896 802
959 702
-894 -118
-580 -766
156 -324
913 -569
-630 -235
-556 821
-719 -316
-318 844
-349 -1
-797 -688
-334 -560
-232 -383
-484 272
-15 -203
-972 511
827 -827
273 -3
-121 81
-592 -633
-731 976
-315 -191
-177 41
575 -180
754 839
905 -251
-393 -948
-164 -230
-927 901
-270 -407
894 -442
-203 -969
-608 -158
422 -630
-730 264
858 -412
99 -419
-65 -100
-432 -205
-644 843
-307 -941
-922 143
-158 -180
654 -545
820 -345
600 -724
276 -314
-649 -960
433 153
676 -745
989 637
-338 246
749 -30
-965 940
74 567
860 867
-603 579
926 -349
440 947
637 436
551 -613
-893 13
-363 -469
254 -210
738 0
-448 -746
994 -237
416 2
-647 -734
-402 -317
-429 -487
-621 -501
336 445
-634 -381
-836 149
-949 -196
141 21
-9 832
-843 408
959 228
664 937
61 669
-729 -338
596 795
586 434
-245 950
-851 157
-235 -892
-751 163
-494 837
355 646
-978 -629
490 -328
-297 -967
618 193
-996 -298
325 296
720 -690
977 274
-146 -154
-539 -219
231 458
-323 792
-457 20
397 361
549 -5
481 602
825 902
339 -487
632 -805
-954 -838
-262 -727
-753 -333
621 -514
-12 -828
882 582
845 352
-603 -719
-938 573
-549 -785
950 -92
84 -342
442 -443
-465 -96
-37 -677
221 732
574 -841
845 -336
234 -660
167 289
580 -490
-108 -497
790 439
746 -576
30 -144
-106 824
802 488
130 966
434 -692
278 -98
870 243
714 -658
662 605
-774 880
-952 -760
-238 699
116 -178
-391 -138
292 -610
362 314
-921 229
172 -333
981 -247
516 -285
-436 706
-415 563
616 -731
-427 647
882 -930
-909 -468
-385 -70
627 512
217 287
-477 -610
972 -872
88 869
310 -48
786 357
-559 -886
237 -587
381 -965
595 -861
214 133
623 -151
-43 512
-291 -536
786 -473
750 -492
-713 365
71 -212
368 378
-360 -220
-513 629
-54 17
-900 -832
274 -48
857 -229
-334 99
67 38
-1 -71
884 422
717 681
-778 563
374 667
818 796
-743 499