514 -427
383 870
-386 -28
231 -417
-764 695
-873 -158
-43 -495
371 745
-20 507
928 -606
398 920
66 219
-145 659
128 -186
-752 806
356 -375
-154 41
526 133
-153 518
152 720
62 -795
-428 945
206 -599
-462 -585
434 822
-370 135
-61 -947
-874 -895
-429 -859
377 174
-538 -952
-390 -169
336 999
692 -619
825 -821
-41 352
-83 633
-127 -362
-703 -815
729 139
912 643
-556 -473
-733 351
298 593
415 88
642 678
583 -125
698 -59
114 -430
243 -534
245 -534
243 -536
245 -536